# id	left	top	right	bottom	texture_id
[SPRITES]
#GREEN_WALK
71001	2	1	17	26	30
71002	52	0	67	26	30
71003	102	0	117	26	30
71004	152	1	167	26	30

#SHELL_GREEN
71101	50	104	65	119	40
71102	84	103	101	119	40
#ROTATE_GREEN
71103	15	104	30	119	40
71104	15	129	30	144	40
71105	15	154	30	169	40

#RED_WALK
72001	2	51	17	76	30
72002	52	50	67	76	30
72003	152	50	167	76	30
72004	102	51	117	76	30

#SHELL_RED
72101	50	204	65	219	40
72102	84	203	101	219	40
#ROTATE_RED
72103	15	204	30	219	40
72104	15	229	30	244	40
72105	15	254	30	269	40

# ani_id	sprite1_id	time1	sprite2_id	time2	...
[ANIMATIONS]
#RED_WALK
7000	72001	100	72002	100
7001	72003	100	72004	100
7002	72101	100 
7003	72101	100	72102	100
7004	72103	100	72104	100	72105	100
#GREEN_WALK
7100	71001	100	71002	100
7101	71003	100	71004	100
7102	71101	100 
7103	71101	100	71102	100
7104	71103	100	71104	100	71105	100