# id	left	top	right	bottom	texture_id
[SPRITES]
#####  BIG ###############
#IDLE
11121	246	154	259	181	0
11111	186	154	199	181	0

#WALKING RIGHT
11222	275	154	290	181	0
11223	304	154	321	181	0

#WALKING LEFT
11212	155	154	170	181	0
11213	125	154	140	181	0

#RUNNING RIGHT
11321	334	154	355	181	0
11322	334	154	355	181	0
11323	392	154	413	181	0

#RUNNING LEFT
11311	91	154	112	181	0
11312	65	154	86	181	0
11313	34	154	55	181	0

#JUMP WALK RIGHT
11417	395	275	412	302	0
11413	35	275	52	302	0

#JUMP RUN RIGHT & LEFT
11427	394	195	413	222	0
11423	35	195	52	222	0

#SIT RIGHT & LEFT 
11521	426	239	441	256	0
11511	5	239	20	256	0

#BRACE RIGHT & LEFT 
11621	425	154	442	181	0
11611	5	154	22	181	0

#DIE
13001	215	120	234	137	0

############ SMALL ################
 #IDLE
12121	247	0	260	15	0
12111	187	0	200	15	0

#WALK RIGHT
12222	275	0	292	15	0
12223	306	0	321	15	0

#WALK LEFT
12212	155	0	170	15	0
12213	125	0	140	15	0

#RUN RIGHT
12321	275	0	290	15	0
12322	306	0	321	15	0
12323	335	0	350	15	0

#RUN LEFT
12311	155	0	170	15	0
12312	125	0	140	15	0
12313	95	0	110	15	0

#BRACE RIGHT & LEFT
12511	6	0	19	15	0
12521	426	0	439	15	0

#JUMP WALK RIGHT & LEFT 
12413	35	80	50	95	0
12417	395	80	410	95	0

#JUMP RUN RIGHT & LEFT 
12423	65	40	80	55	0
12427	365	40	380	55	0

#HOLD LR
12711	185	120	199	136	0
12721	245	120	260	136	0

#HOLD WALK LR
12731	154	120	171	136	0
12741	276	120	290	136	0



#####################TAIL#####################
#IDLE
14111	183	634	204	661	0
14121	241	634	264	661	0

#WALK LEFT
14211	150	632	174	662	0
14212	120	632	144	662	0

#WALK RIGHT
14221	272	634	294	662	0
14222	304	634	324	662	0

#RUN LEFT
14311	122	634	144	662	0
14312	92	634	116	662	0
14313	62	634	84	662	0

#RUN RIGHT
14321	304	634	326	662	0
14322	330	634	356	662	0
14323	362	634	386	662	0

#JUMP WALK LR 
14413	30	754	54	780	0
14417	392	754	416	780	0

#JUMP RUN LR
14423	62	714	86	742	0
14427	362	714	386	742	0

#SIT LR
14511	4	674	22	700	0
14521	424	674	442	700	0

#BRACE LR
14611	4	634	22	662	0
14621	424	634	442	662	0

#KICKING LR
14811	2	754	24	782	0
14821	422	754	444	782	0

#ATTACK LEFT
14711	182	632	204	662	0
14712	214	632	232	662	0
14713	242	632	264	662	0
14714	214	674	232	702	0
14715	182	632	204	662	0

#ATTACK RIGHT
14721	242	632	264	662	0
14722	214	632	232	662	0
14723	182	632	204	662	0
14724	214	674	232	702	0
14725	242	632	264	662	0

#HOLD LR
14911	182	794	206	822	0
14921	240	794	264	822	0

#HOLD WALK LEFT
14931	150	792	174	822	0
14932	120	792	144	822	0

#HOLD WALK RIGHT
14941	272	792	294	822	0
14942	302	792	324	822	0 

#FLYING LEFT
15011	60	714	86	742	0
15012	92	714	116	742	0
15013	62	754	86	782	0

#FLYING RIGHT
15021	360	714	384	742	0
15022	330	714	356	742	0
15023	360	754	384	782	0

#FALLING LR
15111	60	796	84	822	0
15121	362	796	386	822	0

#LANDING LEFT
15311	120	874	146	902	0
15312	30	754	54	780	0
15313	62	794	84	822	0

#LANDING RIGHT
15321	302	874	326	900	0
15322	392	754	416	780	0
15323	362	794	386	822	0

#TRAVELLING LR
15200	120	752	144	782	0










# ani_id	sprite1_id	time1	sprite2_id	time2	...
[ANIMATIONS]
400	11121	100
401	11111	100

#WALKING RIGHT & LEFT 
500	11121	100	11222	100	11223	100
501	11111	100	11212	100	11213	100

#RUNNING RIGHT & LEFT
600	11321	50	11322	50	11323	50
601	11311	50	11312	50	11313	50

#JUMP WALK
700	11417	100
701	11413	100

#JUMP RUN
800	11427	100
801	11423	100

#SIT RIGHT & LEFT 
900	11521	100
901	11511	100

#BRACE RIGHT & LEFT 
1000	11621	100
1001	11611	100

#DIE
999	13001	100

################### SMALL #################
1100	12121	100
1102	12111	100


#WALK LEFT & RIGHT 
1200	12121	100	12222	100	12223	100
1201	12111	100	12212	100	12213	100

#RUN LEFT & RIGHT
1300	12321	100	12322	100	12323	100
1301	12311	100	12312	100	12313	100

#BRACE LEFT & RIGHT
1401	12511	100
1400	12521	100

#JUMP WALK
1500	12417	100
1501	12413	100

#JUMP RUN 
1601	12423	100
1600	12427	100

#HOLD LR
5000	12711	100
5001	12721	100

#HOLD WALK LR
5002	12731	100
5003	12741	100

#################TAIL######################
#IDLE
1700	14111	100
1701	14121	100

#WALK LEFT RIGHT
1800	14211	100	14212	100
1801	14221	100	14222	100

#RUN LEFT RIGHT
1900	14311	100	14312	100	14313	100
1901	14321	100	14322	100	14323	100

#BRACE LR
2000	14611	100
2001	14621	100

#JUMP WALK LR
2100	14413	100
2101	14417	100

#JUMP RUN LR
2200	14423	100
2201	14427	100

#SIT LR
2300	14511	100
2301	14521	100

# KICKING
2400	14811	100
2401	14821	100

# ATTACK LEFT
2500	14711	50	14712	50	14713	50	14714	50	14715	50

# ATTACK RIGHT
2501	14721	50	14722	50	14723	50	14724	50	14725	50

# HOLD
2600	14911	100
2601	14921	100

# HOLD WALK
2602	14931	100	14932	100
2603	14941	100	14942	100

# FLYING
2700	15011	100	15012	100	15013	100
2701	15021	100	15022	100	15023	100

# FALLING
2800	15111	100
2801	15121	100

# LANDING
2900	15311	50	15312	50	15313	50
2901	15321	50	15322	50	15323	50

# TRAVELLING
3000	15200	100
