# list of object assets to load in this scene
[ASSETS]
mario.txt
coin.txt
cloud.txt
brick.txt
brickquestion.txt
#
[OBJECTS]
# type	x	y	extra_settings per object type
# type: 0 = Mario , 1 = Brick, 2 = Goomba, 3 = Koopas
# See OBJECT_TYPE constants in AssetIDs.h

# MARIO
0	120	170

#COIN
4	1056	256
4	1088	224
4	1120	192
4	1152	160
4	1184	144
4	1280	32
4	1296	32
4	1312	32
4	1424	64
4	1440	64
4	1488	80
4	1504	80
4	1520	80
4	1536	80
4	1568	64
4	1584	64
4	1600	64
4	1616	64
4	1680	64
4	1648	64
4	1712	80
4	1792	80
4	1760	48


#Platform
5 	0	340	16	16	39	1000000	1000001	1000002
5	624	340	16	16	28	1000003	1000004	1000005
5	624	324	16	16	28	1000000	1000001	1000002
5	1136	340	16	16	20	1000000	1000001	1000002
5	1488	340	16	16	5	1000000	1000001	1000002
5	1616	340	16	16	36	1000000	1000001	1000002
5	2208	340	16	16	38	1000000	1000001	1000002

#BrickQuestion
12	176	276
12	192	276
12	656	308
12	704	276
12	1424	292

