# list of object assets to load in this scene
[ASSETS]
mario.txt
brick.txt
cloud.txt
brickquestion.txt
coin.txt
Lift.txt
koopas.txt
mushroom.txt
leaf.txt
#
[OBJECTS]
# type	x	y	extra_settings per object type
# type: 0 = Mario , 1 = Brick, 2 = Goomba, 3 = Koopas
# See OBJECT_TYPE constants in AssetIDs.h


# BRICKS
1	256	336
1	272	336
1	288	336
1	304	336

1	400	320
1	416	320
1	432	320
1	448	320
1	464	320

1	608	272
1	624	272
1	640	272
1	656	272

1	640	352
1	656	352

1	752	304
1	752	336
1	752	352
1	768	352
1	784	352
1	800	352

1	864	320
1	864	336
1	864	352
1	864	368
1	880	368
1	896	368

1	944	320
1	944	336

1	960	384
1	976	384
1	992	384
1	1008	384

1	1024	336
1	1040	336
1	1056	336
1	1072	336

1	1152	368
1	1168	368
1	1184	368
1	1200	368
1	1216	368

1	1184	288
1	1200	288
1	1216	288
1	1232	288
1	1232	272

1	1264	352
1	1280	352

1	1392	288
1	1408	288
1	1424	288

1	1536	288
1	1536	272

1	1536	352
1	1536	368
1	1536	384
1	1552	384
1	1568	384
1	1584	384

1	1728	272
1	1728	288
1	1728	304

1	1776	352
1	1792	352
1	1808	352

5	0	400	16	16	175	1	1000000	1000002	1000003	1000005	1000001	1000004	1000000	1000000	1000000	2
//SEMISOLID
5	32	336	16	16	10	5	1090000	1090001	1090002	1090003	1090004	1090005	1090002	1090003	1090005	1
5	1968	352	16	16	3	2	1090000	1090001	1090002	1090003	1090004	1090005	1090002	1090003	1090005	1

//ISLAND
5	1920	384	16	16	8	2	1091000	1091001	1091002	1091003	1091004	1091005	1091002	1091003	1091005	1
//PIPE
5	1936	320	16	16	2	4	1050000	1050001	1050002	1050003	1050000	1050000	1050002	1050003	1050000	2
5	2192	368	16	16	2	2	1050000	1050001	1050002	1050003	1050000	1050000	1050002	1050003	1050000	2

//WOOD
5	2032	224	16	16	1	10	1060000	1060000	1060000	1060000	1060000	1060000	1060000	1060000	1060000	2

//TREE
5	2128	352	16	16	2	3	55000	55001	55002	55003	55000	55000	55002	55003	55000	0
5	2144	368	16	16	2	2	55000	55001	55002	55003	55000	55000	55002	55003	55000	0
5	2112	384	16	16	2	1	55000	55001	55002	55003	55000	55000	55002	55003	55000	0

//COIN
4	352	288
4	368	288
4	384	288

4	768	288
4	784	288
4	800	288

4	1888	288
4	1904	288
4	1920	288

4	1328	272
4	1344	272
4	1360	272

4	432	256
4	448	256
4	464	256

4	848	256
4	864	256
4	880	256

4	1504	256
4	1504	272
4	1504	288
4	1504	304
4	1504	320
4	1504	336
4	1504	352
4	1504	368

//LIFT
22	384	304
22	560	336
22	592	288
22	624	384

22	752	320
22	1088	368
22	1200	304
22	1376	336
22	1408	320
22	1552	288
22	1744	368
22	1776	320
22	1792	400

# MARIO
0	1100	320

#KOOPAS
3	1984	308	0
3	1872	288	210

12	960	336	1	1	0
12	1008	336	0	5	0